77
76
99
28
88
36
61
52
87
29
39
1
71
14
67
84
67
47
54
94
19
38
79
11
99
97
68
34
28
34
93
34
49
6
83
38
37
84
40
61
6
65
87
44
91
33
84
4
26
53
50
60
81
84
2
10
95
36
33
33
81
47
44
22
72
61
10
15
4
73
18
30
14
42
30
58
39
41
70
43
43
37
5
28
84
47
95
98
18
74
67
14
16
32
30
68
28
21
12
23
24
41
19
35
60
28
81
76
9
94
89
53
21
84
55
5
21
80
24
85
27
70
91
66
94
19
0
35
89
85
27
24
65
33
6
62
14
21
20
47
5
54
79
5
25
62
66
17
58
47
80
40
33
28
24
72
8
47
96
73
7
37
9
44
66
65
90
15
9
3
60
0
61
24
26
1
8
78
99
19
17
45
5
84
4
92
62
7
76
47
92
41
32
9
28
48
29
10
35
42
88
58
16
51
17
49
46
45
75
51
73
35
42
62
68
61
62
60
19
87
50
18
97
8
4
93
40
34
94
69
21
45
32
62
47
76
56
43
13
51
33
92
59
98
77
16
62
48
31
7
2
62
29
82
25
76
19
10
33
37
64
10
17
41
68
33
51
11
15
15
84
51
26
91
93
65
15
91
6
3
18
45
54
26
30
54
0
52
19
30
62
91
38
87
24
23
92
24
25
68
98
6
25
54
98
4
12
18
41
69
2
36
26
99
68
47
46
62
48
84
49
85
64
39
80
94
56
50
63
21
64
9
94
82
8
9
38
36
57
99
39
53
19
73
45
90
55
3
33
7
95
66
37
61
78
96
66
61
33
81
46
20
65
98
88
75
99
23
58
68
19
39
7
78
7
65
3
89
55
41
57
18
87
73
15
0
37
86
19
77
97
81
70
1
18
22
2
65
44
13
36
11
16
34
84
78
34
34
5
16
54
58
45
81
35
97
86
35
22
71
74
19
2
73
83
32
49
88
3
81
99
76
32
68
91
75
88
54
37
80
27
17
68
89
96
40
74
54
79
15
33
67
18
93
51
56
13
55
43
98
82
33
45
35
22
29
36
31
51
51
18
52
61
79
96
11
70
26
60
32
77
92
3
96
0
11
44
54
35
30
79
70
67
58
85
20
47
93
4
60
90
35
94
64
68
66
18
55
42
65
13
44
51
85
82
12
53
92
47
79
53
78
3
67
20
83
83
22
85
95
12
70
3
77
93
85
90
1
49
84
40
10
79
92
4
14
42
65
44
62
61
15
56
42
60
97
60
89
57
3
75
61
40
40
80
0
36
72
18
97
22
66
91
21
66
8
57
95
0
92
62
53
22
91
58
87
89
55
88
44
83
31
56
20
97
95
62
15
87
17
70
1
96
28
8
37
9
44
43
49
94
10
81
53
60
18
78
16
89
41
44
58
93
77
48
60
1
87
79
79
20
6
90
31
23
72
51
60
1
91
72
68
32
61
89
2
37
90
61
61
95
73
41
4
93
79
88
48
62
76
28
43
42
50
82
54
0
12
74
62
12
26
20
83
76
15
14
14
96
92
58
75
50
34
38
89
1
87
52
46
77
16
64
54
57
1
88
5
73
18
34
44
1
11
75
20
58
8
65
64
77
75
56
16
62
73
98
15
13
89
69
38
36
8
56
70
71
37
21
23
93
86
20
67
56
19
12
68
0
69
65
23
30
95
0
60
15
67
8
44
17
57
74
49
24
41
4
36
82
68
3
92
56
63
36
53
92
77
88
1
67
39
89
47
45
69
51
31
11
42
51
84
35
66
37
89
8
34
73
40
15
29
92
64
13
74
88
83
55
79
12
66
12
80
6
81
74
78
3
93
13
5
46
37
38
73
25
19
66
49
70
52
72
0
17
22
85
49
97
43
21
22
1
33
96
82
2
87
20
90
94
22
47
83
87
2
14
36
64
79
88
89
10
15
46
71
23
40
9
52
52
73
75
53
5
9
94
48
42
72
61
71
82
80
74
93
80
95
70
20
66
96
94
87
5
26
92
34
74
57
84
49
42
17
58
85
65
59
80
41
25
53
31
35
34
88
39
76
29
29
42
3
6
22
44
78
61
73
93
29
68
13
92
20
61
69
80
27
81
67
8
77
90
74
90
38
6
97
95
53
35
52
37
86
50
5
98
6
73
9
35
46
74
45
67
56
21
5
55
85
24
70
23
39
42
98
71
72
71
41
37
7
95
61
49
46
84
73
17
12
81
36
57
97
98
1
5
31
97
74
51
62
19
79
64
26
91
34
23
93